923
783
70
434
114
705
568
572
349
586
219
874
510
571
888
537
581
378
200
752
239
868
378
334
320
705
484
452
252
853
341
528
636
411
962
102
468
883
27
169
469
246
43
331
169
931
220
750
662
421
502
901
641
232
587
961
937
72
414
190
925
755
718
913
518
32
367
986
915
394
155
737
640
198
420
161
130
641
912
792
62
766
45
703
999
632
16
288
56
430
830
981
537
548
894
55
933
262
393
848
656
548
585
649
99
358
810
581
999
74
373
413
193
770
468
544
754
484
832
811
915
663
792
804
563
39
860
496
653
253
345
661
154
282
310
253
640
473
834
991
899
559
404
92
681
872
988
435
357
821
598
624
836
391
428
399
782
640
896
435
246
593
96
400
227
759
5
220
584
191
211
835
750
616
280
431
840
268
218
549
89
817
173
925
560
954
677
694
946
925
129
544
870
577
296
97
336
301
317
272
844
881
108
594
497
388
377
337
656
948
887
98
117
412
375
677
718
52
371
17
977
852
561
847
429
858
297
118
511
966
742
356
847
850
302
344
590
32
34
599
332
273
697
449
37
424
478
756
477
201
125
806
53
686
6
834
896
303
304
760
269
399
116
117
601
770
813
192
802
199
143
486
824
192
935
862
616
413
970
445
966
95
252
371
133
258
206
382
561
862
142
182
261
258
651
863
380
817
407
535
16
902
21
841
94
957
55
710
722
25
508
689
472
760
60
605
370
618
987
283
481
481
465
94
739
117
309
472
286
68
7
302
970
28
495
416
337
550
479
60
927
987
749
399
747
161
357
117
780
344
752
613
826
217
59
917
686
721
741
972
789
748
627
112
129
474
528
466
25
7
526
952
994
627
704
93
141
61
562
273
757
314
886
935
884
297
205
922
18
946
895
808
695
874
272
176
348
800
642
725
808
521
30
154
500
734
248
641
795
162
914
552
477
152
488
713
450
693
635
468
991
530
628
686
756
900
214
457
53
857
182
861
730
212
367
230
298
967
224
93
130
138
998
959
643
838
672
93
883
307
913
874
190
894
913
298
794
127
755
199
984
938
412
714
502
780
297
801
747
521
246
229
11
596
188
654
434
860
99
317
520
13
192
62
259
105
360
53
232
116
605
569
406
17
635
908
797
932
61
897
805
660
126
817
256
315
471
691
527
923
8
399
288
552
461
547
657
822
952
242
938
557
811
344
575
798
604
372
731
666
269
536
326
748
353
582
63
177
625
942
452
986
342
740
538
803
287
548
625
239
142
915
149
953
259
724
751
864
448
834
882
70
723
560
818
76
494
233
605
120
175
409
106
869
149
996
25
788
544
2
380
686
918
529
991
529
605
95
745
53
281
627
123
4
187
293
81
682
526
38
154
54
448
612
923
949
608
948
738
505
951
470
543
221
999
535
750
604
982
496
9
263
475
485
268
15
778
701
49
305
91
555
359
891
167
282
841
775
583
931
280
886
401
824
107
752
711
209
708
693
57
69
308
885
554
576
900
333
277
301
638
721
856
349
612
23
983
805
798
566
736
431
804
489
607
263
593
318
473
653
363
530
723
671
415
277
600
667
610
229
968
600
950
176
949
915
199
933
720
350
851
809
133
656
650
740
919
244
58
744
249
773
627
972
796
394
602
396
414
564
978
734
165
928
911
466
195
462
751
916
812
603
725
945
611
727
37
882
323
447
979
573
220
606
897
369
352
499
765
766
64
95
501
581
376
412
47
571
226
799
487
39
754
564
336
365
644
374
247
967
821
226
540
394
184
790
763
537
289
880
303
353
976
156
934
352
920
334
275
147
133
763
538
887
679
874
604
323
600
203
643
774
782
535
168
966
325
283
855
615
163
511
320
491
667
607
195
588
941
471
735
426
586
273
665
617
499
621
293
452
824
936
226
958
471
746
277
797
29
132
764
544
995
436
36
663
43
231
603
336
54
690
114
640
315
131
258
814
752
551
618
929
839
844
887
310
590
164
459
971
649
575
516
644
12
552
659
407
135
262
744
190
952
210
182
619
342
792
434
94
343
404
375
182
249
263
845
191
779
656
163
428
232
679
73
596
583
732
3
70
347
99
612
299
310
147
919
652
939
705
98
283
109
474
817
710
89
14
254
868
671
417
297
255
448
722
851
383
454
206
805
801
306
418
453
616
565
724
620
504
781
70
139
242
896
309
305
985
323
559
854
346
976
503
953
776
225
804
159
31
363
316
185
669
86
638
637
651
714
609
508
847
679
999
89
576
660
394
913
336
953
767
682
281
270
636
409
847
792
920