3892
5078
9594
8819
5624
2753
961
3470
251
2043
9146
339
8698
8830
6174
2476
8424
7930
8746
6457
8547
3678
9609
1152
4124
8825
1591
8855
5317
6597
811
5561
8027
406
733
3
9511
8046
3473
9763
6442
8971
6454
5140
7801
2628
3968
2577
6910
2714
9034
1810
6392
8643
2962
6869
3821
905
5724
5490
3855
2888
7403
8234
9646
8136
8238
5509
2535
1711
1624
8977
683
8079
4117
4836
7059
8085
7414
3970
799
2800
5780
3543
7796
5094
6764
1617
2352
8841
3459
6207
1729
862
793
7727
5351
9031
3236
7886
743
4861
3215
7778
2940
7332
2614
9999
1769
28
321
8920
2829
2453
8815
6977
3900
5580
8594
6252
4421
8405
8811
2502
9267
9604
229
970
4988
9817
5208
5731
4678
8423
3509
3970
2107
2475
3970
3876
8856
643
9148
8037
9449
7964
5014
3349
9896
9960
5953
669
8365
1116
9523
7632
7072
6104
8603
2060
5921
3811
4143
600
8587
4004
4570
694
6480
4892
4571
1688
1888
71
9725
1337
8035
4739
1038
4283
4699
3343
4952
3064
4459
4475
7048
7883
579
2003
9944
2853
2167
439
3453
754
796
4375
1448
3628
5620
2371
5316
7508
2443
5041
5197
6830
6132
6235
1114
7183
9578
2418
6599
389
3246
3647
8272
177
2003
4568
3030
4170
1360
2835
4924
2156
7211
2724
5784
9183
1448
7452
6691
243
2493
8240
3425
4977
4475
891
2160
405
3310
8759
7146
2908
8758
5418
3085
761
6339
2468
4931
7699
5303
6207
6207
8866
5284
1991
8049
6732
9443
1092
3327
8288
9332
6752
3265
159
3996
1777
6916
7306
536
4062
6566
9294
5833
9651
56
2172
8471
1339
6223
3775
7547
2430
2641
2831
4421
7043
5915
216
8135
5594
8504
7468
8698
8121
3979
2694
9898
896
6352
6786
4958
2918
6080
791
8922
2488
9315
7393
3828
5538
1168
1375
7968
162
558
8741
7205
2825
5309
5340
8419
165
9160
7117
8286
9492
9812
4536
388
6164
1322
1698
9083
3755
8842
8005
2595
8157
1750
6423
48
2919
4150
4368
9433
1060
3110
6638
3885
4771
8330
2304
4937
3843
5774
9575
3335
5586
4112
3723
8102
1786
5421
3537
1893
4263
7894
4489
8773
9645
912
8821
8916
1415
9541
8349
2475
2651
4987
6361
3775
9669
5017
8712
3512
7143
8287
6847
2729
8751
570
7184
538
2344
721
8783
2959
4968
3272
8084
4613
537
3257
9881
1952
2799
8230
779
1802
9569
3492
5577
9238
4862
4289
2751
2005
8929
9598
1087
7680
6521
8271
4570
8865
5344
3354
8176
312
6626
6261
1277
3515
9518
7510
5467
2317
5740
2599
4120
5309
6091
6049
4548
7305
6691
3651
9311
5620
3249
398
3300
6122
5021
4223
1339
365
7577
9516
7030
555
2129
4659
4071
1647
2170
5890
317
7910
8489
789
9572
933
6838
472
8238
3529
4123
3901
5501
3724
4299
5154
9847
9320
9377
1186
6038
6954
7054
3068
3861
9183
4079
7932
7183
6249
3823
7500
512
8664
4641
6436
5949
7831
6908
540
7713
7383
4441
3214
7459
5093
8368
7306
4413
7745
4845
6803
1051
8251
6223
4913
7435
303
9197
4618
2904
3020
8470
3416
8037
9463
9852
3986
7294
3112
4526
1359
495
8968
4574
7955
4061
9294
1613
4826
3392
2810
1630
795
1062
7853
5708
4849
4508
4906
5819
7413
4278
641
829
2315
104
7034
6302
3750
6498
7180
1462
6994
6148
2388
1301
6561
1682
9266
1388
1426
8429
9370
2222
5843
3575
4282
692
8084
5540
2863
1849
9819
3504
9030
8486
9960
6064
1140
62
2563
8321
1524
5909
821
264
3562
7383
1947
9180
5123
9725
7609
4493
1947
3452
4420
6230
496
2504
8122
9711
4353
7941
3215
3384
2780
9527
5800
3920
5942
4715
8593
3818
6976
9415
4083
538
6798
6030
9719
1921
2107
3680
2766
4055
3485
7186
6637
333
6043
4759
45
396
9053
9612
132
1833
9140
2285
2105
1434
3352
699
5252
329
114
9335
7219
6912
1717
3290
5185
3825
6971
7951
7880
6808
1489
869
7141
7532
5628
7186
4281
4681
3151
4413
2866
8643
3050
4972
77
6403
5671
5329
3084
2137
4665
303
5401
2734
3594
586
6559
6917
4889
791
77
6378
1660
7218
263
3641
757
4544
4674
3908
5309
3893
2551
8360
8865
8980
1115
888
4309
4199
3025
5326
854
4778
8061
800
5364
972
4069
6605
8116
4146
9335
9776
7717
9598
9769
4826
4142
796
8734
9452
4689
7637
4164
3554
2969
5279
794
7278
5830
171
8957
6684
4949
7018
3837
6665
4342
7906
9622
2458
2053
8957
8587
6122
4908
8356
948
5402
9152
6034
1206
3841
23
5370
3747
2992
7001
4541
270
9183
1064
9227
2220
6013
2597
6057
9030
6940
3963
8652
9398
2368
7610
4337
8490
2518
2694
5790
4272
8198
1824
5479
8392
1847
849
2139
4839
4203
3033
1462
3386
4097
7041
5606
6463
5991
8015
5493
9283
1979
4146
8681
699
8108
9371
5542
6978
2065
1332
1250
263
3157
6729
5007
1356
3931
7147
2548
8134
6532
4010
7872
6981
7403
3479
9796
3394
1494
1642
2677
9825
5788
7711
6877
248
7082
2419
7226
5499
103
4828
2114
9612
7910
7122
969
1841
621
3517
6327
7153
3879
4199
486
1282
7678
283
1029
5525
1925
3706
1702
4065
7769
8579
4313
4851
7350
7891
350
7454
9071
2465
7066
6981
9587
4387
8822
208
4256
1501
3713
4487
5701
4199
2122
9731
4482
3151
5256
2759
3209
3311
6824
979
1890
7489
2182
9241
5380
2533
3047
804
1350
113
7785
7289
853
2960
3849
1461
4461
7562
5949
6514
8113
8071
6246
8948
7574
7854
1707
783
1165
8532
8114
9408
6021
297
8649
7754
2830
1696
4910
532
8161
2695
7821
5366
2007
1670
6828
2821
5584
2777
9335
3697
7200
1933
2645
4774
9788
4353
1909
7305
9237
24
6713
1610
321
1714
5716
3151
9762
626
35
7924
9674
7856
3290
1681
5878
118
854
1462
9247
190
1511
6447
8475
4157
7573
8263
4862
9483
1921
4099
9507
8634
2061
9828
349
7778
9331
111
8404
9366
4387
8078
3574
4030
6112
9452
500
6966
7266
9748
3508
8777
2547
1984
9286
6473
6599
500
5956
8520
951
1815
3507
3013
7995
3856
791
3678
319
5547
3044
1059
3626
2970
5089
6090
8774
5589
9408
2392
1689
2917
1169
589
1253
6808
7062
7852
7308
9370
2725
8260
7537
6232
1273
5532
6440
8416
9210
3111
3963
8606
4170
3941
7928
5611
6383
6702
1201
5792
9094
9242
5061
6615
6183
6314
9775
3245
518
7084
8967
3243
1696
6504
9475
9321
2036
2267
4089
7598
5379
8052
6204
9549
8346
4132
5161
4729
7186
2714
6873
2632
8308
1934
9248
4492
8248
5375
4089
5119
8811
3057
8362
507
5913
4190
6180
4302
6457
269
1900
1836
4674
4457
7738
9372
4941
2899
453
2128
1965
7327
4760
273
9261
360
1117
3862
5736
5207
8981
4547
4616
7343
1407
529
7885
7587
1183
4343
4209
9436
6179
5235
3893
269
4607
5186
3168
5060
3666
1485
2387
8427
8111
8001
5139
9228
1863
7227
787
7196
8127
1755
891
9534
8637
8777
3473
9820
3120
4034
9256
5651
9269
9501
5921
3876
4688
5441
5289
8354
3279
7676
3133
1390
5677
4625
6970
3892
1852
4110
1088
9979
5865
1980
5865
4502
757
5691
4323
229
9725
9931
2232
5347
9433
4505
9223
473
6299
864
8827
9578
8541
8313
7320
570
2938
4290
815
1142
4752
1903
7474
618
235
3339
5120
992
5382
5795
7573
5108
5727
6158
455
1512
663
6030
1985
6962
6895
812
2892
1788
5477
212
8710
4767
855
9525
5910
5607
1429
3384
6225
1664
3075
7698
9009
8458
3493
2934
9918
9220
9092
6725
732
9756
9107
9069
3070
6002
6234
5963
4142
1711
6175
2853
6479
7030
2378
2389
8990
159
2125
5215
8176
5200
2913
3537
10
2759
6471
9928
8331
5564
6653
9064
1672
5761
4485
4742
8115
719
7057
8610
2431
3233
7815
5262
6615
193
4003
5605
6705
6128
7173
1233
7680
6438
4770
7691
9197
1241
3971
7529
3157
6977
2945
1181
9090
7430
2276
3557
8150
9333
2167
6933
8918
9982
2195
1886
6528
6198
3843
9585
8678
7368
818
6358
3807
5588
401
3004
3181
4373
6885
2691
7702
6182
224
6792
3613
2500
349
8115
8186
8869
1400
3456
8851
9947
5342
1731
2497
5538
1316
1175
2906
8486
3885
6713
4074
4287
6070
3608
5012
9307
2651
2714
5490
2875
5858
5455
5376
2559
3570
9914
1428
1322
3370
6632
1269
5065
8363
3766
603
6032
1293
3509
4518
5178
6575
4945
9465
8997
8553
829
8304
1204
3543
3794
431
9401
9249
2159
8313
9171
2073
9741
6845
5444
6373
8114
6861
1089
8232
7464
7121
5877
7325
7991
1056
252
2936
6873
9249
7841
7703
7554
5397
7598
7700
5829
3352
3302
7988
1665
8825
6414
1406
5671
1858
4132
137
5071
5221
4722
2535
8694
599
6212
3037
1655
6465
5974
4881
2066
167
2584
5972
5565
182
3673
7746
3534
3327
2086
5199
2152
8500
2958
7823
6710
7090
4313
1781
8663
9035
668
3709
5986
6881
6746
3994
9698
9072
8875
1764
9240
1459
7737
1157
7993
7762
5255
7880
1089
7341
3079
3241
2194
6037
7417
8904
9479
8082
7038
8142
3469
7706
8203
9455
939
1302
3449
637
374
8676
2402
5966
6487
6491
3475
4481
4253
8730
2361
5342
2424
1792
4935
970
4182
8704
9874
3661
6786
3264
8156
255
971
2711
9711
1910
4013
9512
2548
4388
8189
1302
6706
1028
4145
182
5509
8398
5264
4222
92
4040
6015
1379
5010
6549
84
1237
210
6870
4501
4718
3478
5472
7430
3189
3735
1443
9053
2635
2183
3594
3937
8890
4623
4434
5424
6484
2832
688
7059
9276
1081
3074
655
6091
5975
739
7328
2537
7610
8182
7256
1088
6
1038
629
3741
8833
6034
2728
7369
5981
3017
6259
6956
7451
8035
3440
283
8723
499
9559
6156
9925
6567
2248
2252
7306
5928
4790
1268
462
2046
8708
469
9436
5689
562
8269
1724
3291
5638
4057
2660
8249
1013
112
6284
805
6747
1360
7657
2659
7516
3934
9226
6116
6187
6532
8397
977
4153
8859
9375
2861
9328
8811
8551
6243
3432
6627
5886
5423
7036
8546
24
8049
8658
2661
5206
5406
373
2863
8065
7889
6798
7291
358
2985
175
8755
3962
4328
3966
3337
3542
9647
8500
8445
5890
1932
1424
1776
3707
8460
6674
3732
2861
5333
6393
8067
7091
6766
931
1508
1007
7729
8799
7717
7066
5326
2824
7380
6007
6791
717
9549
6438
5569
7994
2328
7501
9418
456
7561
4230
7130
1293
7091
8815
4038
1510
2258
804
2441
3766
8163
6522
8917
5881
3588
4244
8705
968
251
1848
8037
6152
8286
3606
4146
6966
7460
9916
7422
5021
498
905
2666
3941
6072
6704
5451
8331
3860
7893
2097
8375
767
1015
608
708
1611
5666
1676
8214
7514
6066
4366
5801
6024
8512
2767
9836
4780
6542
1209
1630
3799
3875
5571
6223
6931
1022
4554
7143
5267
3004
1871
6035
371
2479
6743
8334
4497
4771
6548
2012
837
914
4165
3214
5778
3284
3050
6910
6178
4260
8540
9977
4487
4111
6201
7771
1485
7107
1266
6753
6463
3137
2788
6834
1969
9531
5168
6466
4302
8068
4830
1492
8982
8995
4706
4760
8632
7756
8022
4810
8368
6562
4788
2856
7025
7341
6979
8511
4448
8245
5264
912
1383
8052
4098
9704
7583
5619
6170
8237
3687
1001
9729
9022
6348
787
3782
4980
4896
8157
6143
3264
4719
931
2472
1745
8272
9451
256
9072
4049
1872
6336
5432
9924
435
5136
3859
6054
7658
8448
6093
5011
8178
5115
7712
5317
5250
2692
213
3407
5187
9830
4478
6118
2302
6223
742
8106
2831
6167
2155
1055
2503
3939
979
9290
9075
1190
5344
3085
9639
7790
8097
4169
2905
5809
9486
4507
4853
9700
7914
41
9530
2393
2511
8184
4968
3254
6290
4152
5773
4797
5207
8276
8736
2539
7567
7811
3729
9263
897
3368
7053
5346
7537
6311
1155
3376
818
6008
3076
5085
2401
8958
3830
4913
7142
8798
4519
9785
9302
292
4582
4510
8568
3319
7049
2487
7482
778
1751
4731
499
5156
77
4388
1467
7584
7764
8638
9945
7192
75
2346
2502
3905
7259
5997
9055
1778
5782
4710
2070
6716
9220
6991
6387
2621
9478
3870
3399
7581
4953
250
2738
1383
4639
557
8967
8755
5547
8912
5948
5622
7611
8450
5879
4870
799
1287
3001
6581
5997
1423
9650
1569
8414
6037
4190
4245
9907
3941
1826
1213
4192
916
2596
5183
1474
1563
290
7021
6828
6238
8996
4439
1041
1227
5661
1840
2514
5014
4774
4863
6438
4424
6432
1204
461
6974
1801
6721
916
3628
7934
1460
4544
6882
2995
2370
4797
3285
5744
1625
5876
4740
2416
6917
2319
4430
5109
1186
9444
6235
6049
2234
659
8834
3439
7473
5808
5240
546
3076
5220
4832
888
6117
1714
3883
4839
6511
3521
583
4489
9397
1675
3257
2666
3995
7687
7775
5181
7132
363
1230
5718
1022
6416
9157
4847
8577
750
5393
8005
2322
225
8894
4791
1939
9129
9631
4803
2650
6566
9292
2047
8242
8901
4713
2237
6589
8841
3770
73
9204
5000
5791
6578
7769
1301
1426
6346
8403
6819
4351
725
3397
9597
1869
5336
8727
7852
6491
1377
4418
2135
3425
9012
1037
4490
1249
3978
3331
5019
4051
8887
6372
6194
5466
493
7495
6892
3191
2250
63
3894
9328
3460
3492
1197
5149
2219
9049
7992
9948
9819
128
9725
8832
1165
4216
6433
5143
3899
7805
5546
2787
529
1740
4605
1022
5588
7849
565
7838
4264
4459
3518
4077
7951
4715
9226
6522
116
7218
6471
9936
3698
2548
5120
4863
6764
1553
6358
7016
5710
8256
6155
6239
6349
7112
3613
8289
4961
4178
6127
9225
8638
5998
3302
2941
713
8880
9464
7182
2451
2287
7118
6149
4835
8590
7365
7952
6495
75
4968
2206
8332
7475
4797
1033
4587
4763
9322
9548
5293
1801
5125
3931
7799
4780
3225
8513
12
2689
5695
2463
4976
9165
4965
9811
7755
8682
7763
602
5109
9083
2808
9793
6558
3958
826
7497
8721
148
7045
4014
1950
8523
4298
9749
3303
7523
8262
3315
6564
309
2131
1540
5826
3448
7703
9933
8482
1819
536
3591
902
9696
9737
3813
3654
563
1310
8727
712
4708
9094
2662
3231
9744
8763
2886
7267
3378
2553
183
3687
1036
8075
9514
836
5778
5799
9318
3949
6335
9262
4852
6032
5351
5017
6038
5914
6327
1118
6626
7387
212
5640
6970
9956
4404
9856
3575
7782
8762
110
7821
6150
8185
3687
6987
3963
9487
2657
4265
2174
8271
9117
4558
3622
4134
597
9537
6813
8067
2515
4201
8279
4508
1171
4587
5264
7380
4514
9398
6142
4624
7219
8644
2809
7259
5631
3124
6746
4641
7389
5272
2912
2858
9831
2887
3344
6780
2424
6510
4847
1291
711
3126
5799
8234
4065
7415
5614
4931
6813
8108
9555
4033
6753
8716
1292
8736
8192
4390
3377
5582
9662
2642
4792
5845
5529
8137
2625
4305
4647
7472
5596
1710
6950
7748
6296
7367
5163
1911
2298
1977
6371
1853
2362
9476
6921
6
4565
5114
748
7942
7048
410
6936
1840
2608
2465
6329
5233
3122
7328
9058
5071
5390
6008
2819
1687
3376
4334
3598
2026
2663
6321
3880
5025
2150
7153
5031
6715
2267
5779
1009
9315
2542
7946
7508
1502
6763
3837
6735
9886
1166
5793
4957
2908
8154
4128
4595
7882
4814
4545
9908
7478
867
140
2503
3017
7294
3887
6084
5913
6018
7093
5229
4912
1391
2737
6414
8155
2926
9502
4393
444
1647
5702
3353
6153
6182
7948
4035
996
2494
296
8474
9713
6788
7330
9082
434
7569
5166
6348
9939
2259
7929
4852
3
666
7618
8158
9944
7120
8903
389
5120
4605
3742
1273
787
8042
1661
1783
536
8309
6610
249
5097
3940
5683
1884
1509
849
8232
1448
9461
2513
2652
9464
9531
271
3974
9475
3743
2877
9864
5215
3834
9958
6489
973
8001
8150
2756
4889
6459
9366
5139
7908
9658
7174
9792
7519
8024
4376
8968
3837
6889
1620
9653
2772
8243
3627
2248
8339
2856
8464
3554
6690
8423
6395
7663
2776
4545
6771
7665
7356
2490
9156
1617
2148
6331
1409
9668
707
2138
4988
4544
5379
2960
549
8152
7556
4176
6752
5895
3384
5216
5801
74
9991
2197
4089
2767
3094
7212
6785
6803
9702
5941
8420
8203
2272
6181
4223
9331
8319
5563
227
3699
8523
776
8203
6079
4952
4955
8326
8336
6523
480
4762
6515
2677
5203
5634
2123
2416
2419
8926
2118
4713
3698
6673
6985
9880
896
2669
4551
2811
2896
4602
1335
3673
9157
3766
8625
4112
8445
3314
6988
8925
4428
3503
7954
9632
5489
6429
2048
4261
5356
518
8974
5406
3544
2311
1638
792
4980
6190
3604
4229
7144
4939
7902
6302
5057
2879
6766
3502
6193
3754
2427
6974
3609
6733
6606
9099
3163
5006
9712
4871
1876
5038
277
5420
3701
1916
6213
5034
4458
6169
9263
7954
1108
7165
4256
2517
44
1023
6020
2590
4777
4799
5916
8387
1533
2522
3838
4696
3880
9902
9567
5756
4940
6196
7529
8641
4464
94
3675
5274
6263
9290
3229
7371
6455
3837
9888
2852
4860
2260
5442
5990
7060
1358
729
4945
232
919
9641
464
821
5560
6220
2113
8108
101
754
2573
195
782
4199
6458
6424
7428
181
2880
1266
70
5732
2478
8682
7526
4820
5742
5236
5549
687
1820
6468
6680
2284
3641
8592
4856
5754
6701
4958
2861
5626
5153
9995
9825
7964
6419
7254
8145
5651
4872
4567
7735
3702
3250
5261
8523
5344
6849
424
2384
5021
3245
9064
3657
6886
4009
8514
8993
710
9824
1854
6336
1329
8201
6161
9293
4620
9767
3791
272
4639
8358
8007
4694
7960
9621
3217
3305
2822
3641
5689
7844
3238
1105
7853
125
5114
2719
5470
2176
2543
7324
4864
225
1877
1026
5870
6497
7145
9661
3121
8137
4372
7481
2831
2332
3454
2400
5637
2628
2393
7678
6824
5632
5136
4678
2109
6602
7397
7579
5131
6293
1255
9995
2870
3132
7373
8740
5981
4519
4754
5455
9008
5478
2936
1839
7810
2742
591
9800
5370
2984
3830
2195
8616
8966
3225
725
5569
622
8304
7052
3267
9559
7047
6137
9043
4421
1230
5025
5292
2336
480
4300
7814
9768
2491
5624
2510
3082
1776
4232
6066
5607
2779
1035
4573
6004
1760
6494
2979
6417
3546
6246
2328
6946
2384
1372
1367
9966
6397
3011
2302
3229
7311
116
2997
6154
2092
1859
9236
3869
2443
1654
5828
5223
9041
401
7579
802
3248
558
3571
3146
3157
2251
92
5541
3623
7811
1859
6372
822
4161
9601
4485
629
8950
639
2721
7161
6227
2942
9605
4234
8770
1180
3275
5524
8759
429
5124
5670
4000
8270
8827
2604
4715
720
6227
8878
2579
8952
6053
6740
8553
6890
7369
3856
7530
6442
7369
109
9385
6974
4343
4507
4506
3971
31
9618
4400
5155
5288
4753
9778
4115
7357
4493
4835
3584
9723
3766
8888
5776
506
7442
2667
4227
7650
6549
7021
5019
3010
2758
8346
7354
7266
2852
1325
7297
8822
2077
8805
4110
6830
8583
8225
4187
9428
9412
4124
9151
3178
3012
1280
36
6806
3947
615
808
6848
7637
2180
9858
6747
526
3564
4013
9730
1241
1311
8553
3319
6468
9015
6501
5051
7241
689
4479
3005
1165
9982
2536
529
1262
2572
3688
5209
9540
4496
8409
3529
6676
8268
276
3554
8184
4290
9637
9426
1953
8190
2745
8421
7205
5598
3472
798
6287
4303
156
3804
4285
2692
686
5548
1616
4374
7109
1156
8870
1871
4685
1899
139
4962
5453
4675
9252
5090
4101
7557
9632
3198
5978
3190
8797
5802
340
1436
105
496
5241
742
9540
2279
2642
1157
6653
6104
2313
1875
7975
3351
3774
4466
8313
5580
9141
3917
7022
9595
1474
3007
2793
7452
6197
1590
9606
2889
3027
6063
9738
4620
6805
9278
6899
5800
435
9904
1904
9101
1779
6231
8804
5554
697
7117
1134
6190
7386
4508
5785
8860
7515
8579
2664
3712
6521
2270
2954
5900
8333
2692
6872
1490
1970
3771
7290
8758
3675
9194
4211
5455
5425
3015
7361
2474
6484
4847
5017
3870
9355
802
2730
6871
5733
5394
6935
2255
4016
9889
4507
2349
2581
1380
191
904
1503
7482
6014
5179
6676
225
6986
8454
9592
699
7280
6076
5546
2297
9946
4901
9452
9028
1772
5185
774
5060
3792
4790
4949
8300
3491
3883
6032
3682
4787
7535
1164
801
2714
4193
7378
6052
8999
6970
6751
6279
3046
2297
4929
2992
3551
4381
2020
1675
5918
2794
6735
9711
3936
1685
4363
7427
5568
395
7461
6707
7930
4978
3860
6997
9171
1238
9401
4522
8208
6153
7153
7606
4802
2082
598
8353
2815
8970
6381
8734
8116
3116
4797
2052
1153
9160
5831
3073
5907
3292
9780
189
8270
3640
3538
3793
1230
2940
4667
9438
5445
1821
7044
6599
255
3994
1305
3071
9316
7686
1805
7432
802
2954
5836
1956
8466
1667
5029
4373
1312
1162
914
5934
4802
4453
6080
6033
3745
747
1823
9190
8920
5220
5789
9176
9214
3446
8599
8531
1132
6756
2315
1935
9710
8152
243
8176
6171
1624
8901
7483
2786
9815
9770
3941
620
2202
6326
4365
2949
4501
9907
8222
9721
2049
3750
5288
5495
2349
171
6628
5457
2486
4915
5167
6990
1510
9695
3162
3134
8596
6997
2273
4763
3119
6214
5384
5321
8892
9749
4623
3393
9657
2845
9467
1706
2947
4755
3553
5296
1278
181
753
116
1448
2272
7107
2958
1967
6621
2445
563
9970
1070
1678
9442
3636
7062
4763
2528
6812
5738
2273
2821
4935
1740
879
7882
2847
4432
3178
4125
966
283
4242
8766
2555
7701
8077
874
674
522
7789
644
1592
9468
6438
1580
6530
1202
4108
9694
6940
2733
8867
8228
4474
9746
6110
3673
531
9289
4151
7849
5924
4745
6615
4832
2446
4692
5706
9472
1566
3496
6468
9510
2964
2907
1090
5846
4109
1550
5541
7401
4284
760
5629
5110
507
8092
8783
7390
3733
2934
5239
9657
4031
8206
4489
2829
2899
6548
2301
817
44
8770
328
9360
1677
7770
1558
2138
9321
3451
5891
3605
4212
7873
8715
1071
5965
3850
8461
9698
3137
52
5707
7168
8258
197
9998
7509
6745
2299
8327
3141
7421
8655
8853
9098
6425
411
7588
2098
3863
3480
5703
8075
1353
770
9146
3670
4621
3959
3368
4110
4011
5427
1278
8621
5624
7628
6131
8721
6280
4458
8214
3701
9465
7067
2800
5890
3831
388
7989
7694
220
44
2121
7925
815
7619
1595
1788
7930
1315
5898
1941
6743
3528
6914
8719
1157
3045
3793
7437
7503
2007
1138
6968
5427
290
9211
9258
7031
3552
3304
7251
3596
5425
5177
763
9396
3124
8903
7326
4440
1153
5619
7535
4682
2533
6254
2191
1931
47
5980
9434
8407
3470
2755
3834
113
8318
9444
7144
1870
2748
747
1818
4525
5924
2582
3921
5401
7837
7599
9841
8991
9570
7376
25
2103
9982
2216
386
30
4548
9821
8437
8018
8928
8623
8131
7246
8067
1627
5468
7167
2375
7286
1692
4651
6220
1965
52
4058
9564
6245
9401
9134
9973
9426
7589
9956
7994
7976
6338
8894
4149
4775
6912
9429
9750
1396
3027
7817
3023
8495
4984
1750
2133
3028
6402
8354
4993
2806
8764
909
9052
4517
6395
5377
295
336
5333
8289
4664
1671
3535
8813
2798
447
4594
8900
8195
7621
6717
7571
6116
8053
9321
4602
7433
2075
9308
2426
4882
8072
9687
286
8941
2434
5663
9236
2771
7349
3877
7435
5372
7412
2601
8171
4211
7195
7071
2407
1169
141
6330
3637
4546
5651
8239
1980
4079
7547
758
8961
1971
6798
5599
912
9232
7614
148
2003
4963
4025
5791
336
7789
8392
4859
2001
1939
8282
760
3108
4775
7090
6746
9322
2741
4985
7654
3172
8885
4764
2133
856
1562
4084
8121
795
1699
8269
9150
3014
8647
4941
9702
2788
3333
4561
4789
1625
9196
5549
4733
3971
2639
7831
9645
1733
2817
7299
4905
8054
2064
3391
5262
9978
3827
3383
773
1878
1653
6276
4893
6652
1217
947
9440
903
5509
582
2528
4705
2483
7261
5028
1475
5093
4674
9560
4262
1973
817
8668
389
560
3930
368
4388
7314
7493
6266
5319
3769
7511
8323
1339
8459
7763
2242
320
4697
1122
1377
7181
8383
6405
8656
9828
7431
8216
442
9405
9033
9110
6146
9594
3041
2866
334
6707
360
2952
2026
481
464
349
1820
5275
4464
414
1947
9162
1536
3324
2695
6272
6081
7703
2452
3513
2271
9247
9270
7656
8357
1768
7250
7750
4635
3936
4457
1347
6889
2835
8180
3705
3184
1
5332
7649
6767
7279
3163
4656
6955
2210
7280
9388
9913
9732
2901
2184
8979
8523
9840
3689
292
3443
7791
1279
7379
2249
2626
620
1436
806
677
4621
7159
6009
8622
279
9640
8137
4935
6595
347
2215
5984
6612
8299
5237
8796
3631
113
4988
7320
405
8431
5111
8036
2163
3712
662
9135
5149
7820
9813
6122
4980
2174
4744
1611
1815
9233
6546
4762
9580
5113
746
6192
3412
2336
1340
7043
2449
6328
715
9206
1112
5827
7242
3275
5891
4256
8762
1040
2076
8575
3514
3408
750
8258
1371
8917
3843
4269
3679
3423
9382
778
5967
9147
3114
3659
2542
1915
6340
9610
1121
7452
1789
4715
7079
7680
5323
5841
5073
3751
769
8587
3512
7871
3198
4883
6788
7041
9153
6819
6817
4887
7597
9136
386
7063
2796
2929
8978
9136
8891
6451
2940
680
7518
19
8360
9193
2212
9785
2945
2981
8373
6457
852
7923
7692
3992
4964
3197
812
8133
8085
4761
7270
8471
8177
6418
7752
7155
1906
6643
9959
4846
7323
3829
1217
2036
3023
3429
1821
5968
6411
6546
8777
3615
821
6469
3960
2138
9667
1124
271
4104
5885
3893
2575
4062
6663
6680
7570
8569
3323
3881
9767
6999
7710
984
5387
7085
4414
7208
3053
7177
107
8182
7144
928
1004
1104
3066
7023
8580
9690
1127
818
9935
54
1232
6599
3086
8802
5168
2762
9035
1288
9761
6746
2272
5148
183
3038
8708
3237
215
5167
7771
3712
2448
8775
1168
1866
5798
9749
1556
3277
567
1492
3332
1799
8091
6418
6954
9611
5532
5989
899
5293
9087
9524
6793
9271
2562
1854
8860
9130
7021
6631
2842
5821
5407
4010
7688
7557
111
5596
835
678
7088
519
2478
1531
3289
9432
7495
8822
1773
4746
467
861
4270
3613
132
3185
5467
8992
8667
8840
1975
7861
4662
3734
8223
8702
7644
8335
4298
4831
9013
7739
5350
7843
9270
4991
3627
3117
165
5401
7864
6985
6262
8486
598
2746
8023
2417
8090
6690
7609
6417
4551
8623
152
2775
7325
7796
7462
1624
2627
6475
9363
4329
671
4985
5672
4298
8103
2190
6051
2319
9175
8665
7157
6125
7763
5181
8542
5853
1871
6151
2271
2775
4775
8775
5550
8452
6571
3012
6428
5550
5839
5791
9879
2862
7129
1903
3513
1584
4093
9564
255
3268
4582
7412
9393
2345
2593
4287
8199
817
439
6822
3592
1566
5597
5494
18
8520
4858
6447
4070
697
8590
301
9912
2071
2204
3425
7
6298
9341
262
5918
3923
7675
5312
6269
6620
9599
820
7437
6390
7642
1029
4308
9591
6523
679
4463
7733
3478
4885
8431
8420
1538
4695
492
94
8120
499
2744
3813
762
8663
7737
4789
327
358
1409
6278
1178
5199
9021
5172
6228
3329
1115
9104
4008
5578
6837
7486
6815
1620
5907
8353
2667
2751
8447
7139
9602
1192
953
364
6207
8690
1505
6534
5400
9267
2812
6578
4466
1833
1750
7046
1515
9217
2502
5523
1147
9340
9362
7962
7312
1621
2667
6332
724
7466
3471
326
5010
4424
7043
1217
9466
8548
4103
4866
7815
3268
1444
2281
5101
9546
9328
2968
5115
1830
8492
6262
7522
4206
576
1187
2179
3243
7519
2903
7062
990
3229
2072
1767
6624
9642
1233
5173
3745
2452
9340
7013
248
7974
8467
6147
7302
1435
1262
5484
6279
3877
9359
6837
4453
6898
9016
4049
769
8271
7463
1759
7853
5887
9878
4477
5529
7464
6002
5627
9916
5343
8992
164
3317
3811
6311
6971
1599
3926
8807
7878
7803
4518
1068
2256
1416
6436
2657
2185
4708
120
297
2561
6008
175
3390
7889
7639
9393
3516
3907
1088
8861
4072
4405
2672
383
1376
4271
4309
183
8502
8464
4702
9570
721
2470
6006
9730
4656
7066
9851
1305
5979
5859
7832
9370
3748
1824
5115
3617
5731
6203
2478
9803
6960
1502
6539
8336
2126
7200
4871
6980
5665
5925
6550
2738
4748
8908
2468
5756
2327
8671
7061
8306
882
4893
4028
4631
3069
5495
4600
8801
8050
3430
4956
5010
4932
1495
3346
3410
5048
4570
390
7065
6847
3292
9803
1595
8553
8623
7351
880
7295
764
5538
8177
5658
5919
9160
5079
1414
112
3880
5817
3542
8837
827
4827
6684
526
8237
8084
1448
4980
5149
8295
4624
1304
9891
3177
6280
3594
409
9927
4359
5948
4456
6369
8219
9969
1448
5985
81
1681
1802
3624
6870
2630
4803
9906
3156
9392
7991
4604
724
9492
9251
5349
797
5494
8526
3429
9089
5288
3356
3448
7588
7812
6169
5807
7781
7617
1792
4215
5650
9947
4191
2520
2577
8994
2427
2085
4738
418
3041
5463
9910
8644
812
7059
4139
5690
488
9580
978
196
3028
8566
8009
5549
4373
2142
3166
2518
2709
5169
2465
6900
7689
1394
5894
116
9831
6985
6886
9224
2448
3149
7868
9612
208
8359
5302
7049
7939
6281
7245
967
4847
1606
2868
5573
101
2387
8091
2810
7556
6908
9711
5245
8302
1957
1714
4485
5294
8600
3709
7742
1749
1577
7354
8310
9937
2657
1711
7876
5290
5308
5196
137
6915
8064
2062
3368
451
153
2530
4359
3413
8593
9605
1715
6903
1319
6200
2197
6271
6261
9940
8021
7839
3646
2683
4128
2655
4394
8356
7945
9702
9904
4435
2969
4321
6497
2689
1124
3003
5220
5484
6416
3813
5089
4484
716
2760
7036
2914
9031
3298
9206
3404
1137
9204
6087
1617
1860
6833
9973
6157
2888
6230
6944
5857
551
9794
8547
1675
9149
3767
7159
5565
3932
2248
6401
4649
1360
3438
3915
392
6736
3121
148
4225
2325
6236
2194
537
9421
2167
3047
2309
4749
9991
4519
5300
6137
9418
6976
5286
9537
4135
7204
3469
2736
3605
4470
4096
7043
8385
840
131
7858
989
4356
184
3577
6550
7073
2998
5070
120
1660
6171
6464
2531
1472
8953
1949
8448
4240
1486
8935
7796
1307
1671
1401
5778
2120
4797
4163
2960
1280
2022
301
1989
8558
3878
4891
1983
3229
9961
8456
1241
6133
1272
3772
3957
225
2073
2405
817
3559
1340
8613
1218
9364
15
6996
1484
1164
7512
796
2444
5886
7450
4433
796
7680
9325
2779
7261
5638
1235
8502
8123
8859
8626
2080
9085
699
837
9902
610
8530
4868
1829
7894
4883
5177
5730
2399
2689
2878
4843
8575
328
5629
5723
4361
4954
8503
1622
6944
6090
6477
5068
4950
5103
3500
387
2155
4338
6641
2765
9220
1509
4594
7114
2744
9772
9196
5143
8813
8426
6339
3741
8755
8320
9464
9468
9626
4319
1090
6570
410
7567
7990
1712
9023
7843
8451
1178
8533
5092
3943
7753
2954
4890
1219
5698
1014
415
7194
9827
5193
9885
3568
3948
4557
9385
9768
4183
3704
859
753
466
4778
5096
8530
3801
9291
6981
1331
7824
8426
5275
5577
1380
6517
3148
3430
7531
9915
6976
7358
5108
3213
7279
5409
7770
6664
5177
1953
368
6036
9059
7187
7167
4155
5717
7320
9798
2699
8652
7622
1125
279
9551
8857
6796
2699
2287
679
2614
5616
4389
7722
8829
1668
3131
6600
8332
4661
8553
5053
7049
7612
2240
4216
8119
7957
1537
7917
7008
6541
1891
4485
6820
1442
3342
9968
4141
1982
647
3107
7598
5036
7182
6427
3057
6665
3027
7741
1326
7933
2794
8376
1897
1386
2592
17
5696
481
4286
9056
7022
6178
3542
194
3972
6884
6514
8114
5218
3513
7573
2816
4902
4755
5596
7959
1421
4975
5700
9099
2908
4847
7475
1158
2585
6420
1175
8281
6901
1813
7338
276
4343
7232
6822
8316
4116
3337
2782
5687
6850
355
4855
1752
1463
6803
6063
2884
1779
1764
1983
1039
6611
5811
2197
9196
2231
9724
3830
5484
7890
7520
2112
2233
4752
8935
6901
5220
8624
9683
907
1826
6391
5763
3579
7854
8918
9642
7090
697
7758
5425
8089
721
1236
6638
6270
9819
2715
100
5304
605
3972
3768
9190
8724
2703
6092
3944
7679
2127
1204
9506
8518
3319
9437
2724
2237
9079
9814
2935
3190
5240
7376
3911
2828
4014
181
2648
3081
6633
4304
3686
605
8072
9229
9329
7128
5321
9626
4807
3800
830
665
8671
4149
102
1395
6386
5534
1210
5673
8724
2802
9401
2635
5630
3416
9169
4630
2849
2154
5286
6536
9112
3359
2117
4793
6839
3790
4419
7998
7590
1601
8664
6261
5750
8766
7657
8489
4300
5219
4162
9376
8021
3564
8364
3
3332
7533
986
6181
6039
6272
9069
5151
5983
1186
9945
2822
4976
716
7173
8919
2318
5837
5180
8068
955
9189
6557
1608
4408
7072
984
8781
636
9348
5137
320
3233
6123
2853
9273
2395
1923
776
4731
9461
7073
7553
4438
7790
4726
9709
6460
6915
4889
4528
4223
431
7438
5831
4839
862
6815
9973
7850
2516
5110
8170
5749
1233
1023
1374
9980
9298
8503
4711
8760
5576
8617
9550
9718
9695
9259
6178
2963
500
7059
7186
931
849
3017
2123
1711
6184
2096
9561
8700
7206
4083
802
4791
1458
8528
1123
757
3383
2187
9517
5312
7156
5419
1382
6851
4678
7561
6166
1530
972
3352
2462
8173
2721
937
9884
8906
3033
5797
3958
6591
9880
1112
7734
1338
5993
5209
8447
9376
7396
7964
4688
4552
9735
6071
7756
4413
9984
3922
2296
7308
3627
1110
5481
6348
2047
1717
5254
1432
3866
5565
8023
98
6677
2109
7788
2670
7318
6236
8399
1067
552
3087
1971
288
5510
9727
1053
1846
2
3349
5506
3629
4459
7339
9977
6506
5408
1584
7938
9274
7149
2313
9372
178
774
7161
2849
4445
9749
1248
5512
301
687
7483
589
2550
3563
7995
748
3565
1344
2607
7194
2156
9946
7171
5014
5355
8755
9305
981
2256
7970
6706
2435
8745
219
1636
3190
9968
9236
5054
269
6275
2537
7211
8825
6100
1558
5926
6017
2902
8533
3211
1410
4831
383
6425
186
5490
5730
7520
4099
3700
4226
6534
2445
4445
8170
1987
4413
7406
7041
1034
33
5931
4597
8859
8383
6155
1137
4401
5410
6022
3964
6820
853
4347
3245
7392
6190
8975
4912
289
9028
9138
3175
7825
9935
1345
9813
4348
5103
3206
1734
5136
5489
6332
347
225
8839
7836
978
4249
3858
4942
1070
4712
5642
667
2104
1832
5995
3368
8473
5023
8858
1648
9200
8793
9345
5365
9493
800
8572
1227
2288
413
3911
8988
6990
2751
6824
7968
3352
7035
2911
4422
1747
4905
1442
203
6737
7437
3571
1562
8812
2429
9562
8012
7574
8907
3378
7067
6059
8302
8294
8347
5067
8558
3687
2058
7661
6864
26
1013
3899
9289
1788
1998
4194
3230
2201
7283
7019
2124
5197
5831
905
4759
3843
8479
18
3573
5546
6077
1875
192
777
3295
5102
4464
5353
2763
7680
1731
3777
1579
1021
5565
3577
5215
8795
5778
8851
5814
4254
4048
7997
1511
8808
8192
9990
8826
1766
1888
1256
9993
8433
8385
9640
3535
9201
4993
6299
6882
6725
6428
8461
7746
1993
2039
9313
7140
4169
4516
9306
4776
8565
7303
6287
3725
1847
2630
8903
3613
4518
159
9959
9303
4896
9599
9191
4098
945
5490
980
7670
8270
5793
1768
263
7832
7433
7403
8354
1950
3061
3130
6867
364
5769
592
2211
8399
5847
2177
9270
6007
8488
8573
903
4439
4116
1353
1736
5958
2333
9406
4228
8127
7526
4491
2311
1312
8246
7017
9614
1307
6499
6481
8023
2269
3425
235
668
9272
8764
6290
1631
3604
1216
8887
4395
5332
240
6132
1291
8926
5538
5519
7053
9417
11
5716
7081
4609
2734
6695
5917
9233
9528
292
7854
9305
6879
4875
4929
5643
1165
6561
5599
8733
1800
9995
4066
2040
6127
5357
7318
8017
7228
723
7434
3591
6440
867
8201
5526
7562
470
1111
3442
762
8966
2747
7642
193
4029
9637
7710
590
1589
6444
8742
1584
510
7134
7711
2219
4453
5728
9447
5176
9515
3039
1616
6734
1240
3494
4297
8062
4606
4091
8824
9924
6839
2818
117
7220
8808
7827
4162
397
4271
2904
1981
1133
38
6044
3352
4491
8124
2800
6020
3991
5839
3988
726
3431
7483
1375
1493
8441
5466
6669
8365
8657
5840
4834
5877
4648
2661
39
1397
3285
2943
9730
4418
9334
5774
7771
177
250
6923
6197
594
9114
186
1320
2545
4021
9047
390
2462
4513
7059
827
9523
9251
5661
5400
3899
4674
1792
1648
4311
1087
1378
8730
421
3504
2853
599
3755
6128
3148
4349
5242
9686
2021
7787
3707
1068
8177
6169
1933
1588
3348
1456
840
5361
3209
1091
36
5001
2740
699
2440
4118
5781
2862
3975
8634
9813
4082
1114
9313
4783
6356
9000
6804
495
2707
4224
5024
8877
2509
6613
8577
3966
3805
3939
3527
1248
327
4880
3988
1026
7320
4459
6808
6534
8434
1794
2699
8868
2909
2013
3651
5617
1013
455
6113
72
1031
1137
8949
3540
4102
7527
3858
4259
7818
7385
5508
8145
2265
9496
9171
5938
307
2331
2472
5093
478
1524
3961
9739
3537
7612
5356
902
4419
1469
974
5450
8959
6276
5343
9413
155
9201
3673
7973
2939
9181
6118
5204
5029
1641
7494
1689
325
6319
6782
803
7843
7096
542
1380
4708
2250
2282
5480
3720
9608
7282
9031
5884
2625
8444
6039
8179
2117
4012
1118
7650
6482
2674
2680
4476
169
4369
4801
6488
7503
1956
683
4599
2498
2063
5660
4748
697
1140
4820
6657
4774
203
2542
7400
8648
8581
5579
7117
8946
3049
4768
5428
5723
7448
9904
2244
8169
4705
8732
5672
6661
5767
272
5511
4182
5932
6612
4879
3424
7784
1537
8198
7988
431
1950
2988
9012
3881
105
4310
6930
4873
9739
9006
8673
5995
1250
6842
7053
6335
8867
66
2102
9139
5578
6285
1423
8542
7516
1199
6326
5405
5749
666
5836
7700
3654
1201
7933
3760
5511
1216
4985
5250
222
11
7598
1472
3205
4651
7807
2072
4717
9910
1211
295
2547
8986
5189
63
185
1516
5469
5935
8534
7657
9987
2189
8858
4272
2301
4370
5488
3638
5972
5710
3649
3570
7183
6855
8221
4990
8927
9291
1252
6491
5938
3799
5477
1128
215
2015
8996
5684
4302
7530
3341
641
9719
8552
4913
2020
2922
402
5659
5246
6112
5660
5169
3295
2515
3390
4638
7795
9033
2242
4286
4972
2394
6115
6100
2609
8130
5096
4645
2432
2626
4338
3073
8698
2890
7987
7070
2164
4741
9081
7411
853
4742
2580
501
3609
2322
1491
1404
1356
85
2042
6328
2479
8158
8780
1440
2640
3876
6085
5073
2854
6776
4498
7904
9666
8837
4975
8183
3578
4056
1946
784
5150
4526
1285
8760
3200
9128
6516
908
9213
4911
7236
8045
3069
2368
9485
2061
2596
1923
7134
5451
8699
7985
3355
4717
3174
4682
9252
6753
8739
1198
3889
241
2076
5174
5353
5277
654
1870
6185
9867
3133
9774
7912
2554
2142
3750
4615
1091
5673
8102
6542
724
6087
6249
1793
5613
7284
1046
2366
6023
8596
2607
2616
673
7781
7970
5950
4787
6192
8487
1007
9325
4613
8919
1879
3108
9021
6494
4199
1046
4596
7093
8122
7035
9694
9916
2649
6978
7314
1367
9353
2262
3975
1970
2935
8108
9940
5237
2896
2484
3725
255
1809
8338
9174
40
7798
4548
6534
1997
5594
7483
9090
3717
870
8785
9985
9871
5763
3651
7591
1469
5913
1566
3439
5201
6026
9731
438
5274
2215
4163
5529
4024
8854
1056
4064
6652
5604
6950
5002
7550
785
4092
7619
8008
9229
3956
7879
1345
3959
5470
2814
6225
3388
6253
1426
5767
2336
1864
1041
4551
2380
2923
8575
7586
331
8991
4238
5935
2293
5592
9837
3079
6037
3809
7439
5266
7765
5318
2963
1725
7141
5777
7950
6881
8382
9376
2648
718
7592
42
1621
9972
9317
6548
7558
9648
5539
8149
1935
4185
3741
1772
7264
9778
5581
4703
1397
9699
6373
4360
1424
9866
6490
5726
6748
1224
1454
5748
8295
9046
5790
9916
5371
5107
6465
2929
4755
8356
7430
6690
2541
7524
4815
6157
7302
396
7212
5051
6447
3586
5764
7871
3452
8606
9949
6552
9830
1403
2301
4477
6802
4443
746
2173
9551
3563
1454
658
8271
5237
3701
813
2761
8516
3322
6415
5264
535
1467
1712
473
7231
5935
277
5837
2237
6830
2019
9992
5483
2849
6794
9926
3595
5319
9477
3510
3126
6488
1781
8363
189
2594
1124
8705
5917
7539
321
2804
5358
2033
3277
8941
4321
9906
1130
6558
6736
9502
6550
2219
2351
9697
2146
2298
5016
7975
5808
4494
4463
7589
2857
4652
184
333
9709
2453
7873
6383
1609
9583
4768
1238
8525
9089
1144
9655
1999
4233
9157
4902
6452
7860
4599
4950
158
5967
9278
5966
462
3741
3556
9671
4746
92
5
807
8897
4230
7190
506
3813
1959
8096
8690
7400
9240
4698
9400
3473
3855
654
6278
8068
5253
7580
8226
7572
6858
4193
4386
6952
4101
4058
8050
4193
415
8857
9442
4645
2400
6300
8458
711
4396
3501
8111
3636
8199
3863
3462
8406
4517
6092
6474
6122
3672
4701
47
6883
5246
4433
187
9347
4843
8237
9892
5258
3446
9334
9903
5846
5634
4714
2909
30
8215
7373
18
2766
1236
9832
1172
2106
5924
7647
4580
5949
2348
979
2832
7594
5413
3019
6941
6608
7608
6833
1867
1054
2519
8122
3253
8153
9188
6162
4535
3755
3535
4553
6521
1124
4386
7694
9582
6662
5341
514
2611
4041
1494
1795
1635
6907
1166
4928
9867
8774
8113
1734
6181
632
6209
9434
5137
5397
5596
9672
9153
5484
577
2026
2960
1315
9720
2542
7978
5061
3056
6941
5454
4550
5089
7089
7809
6255
8369
7677
1382
2834
5763
7563
9818
8324
6997
4955
3722
8945
979
9227
4429
1557
1253
7389
2872
7326
6283
7202
8739
9340
4144
4194
242
9233
1283
8052
1840
6005
2081
3222
8839
7844
785
8658
6169
7782
9965
6243
3080
945
1822
7509
2502
9427
1251
1726
6753
7534
8929
5493
3226
9425
9687
3469
8658
7322
1521
498
9679
9954
73
8519
7798
858
3529
319
4993
3494
2914
8073
791
1088
1934
3293
516
9537
1372
3621
3424
301
9114
6650
9726
5153
6471
4736
2476
4344
1586
8507
4298
1659
7026
8449
8870
6907
5120
3863
6754
4387
8288
7545
5475
6574
7191
2343
6112
4915
5965
9536
5216
1431
2538
1294
6585
9010
2382
5413
3354
3968
3920
7653
1980
7299
6102
850
558
1222
1065
7312
5609
9353
1210
7437
5927
4753
9780
8391
9668
5745
7927
1236
7177
6818
2530
114
5828
4912
1879
9182
5232
5799
3187
7212
9450
9289
8062
9
6864
9127
3673
8825
4832
4883
6262
7112
5988
2395
5503
5656
4492
9783
3244
8021
6601
2126
8135
8781
7038
14
7963
8623
2166
1151
5835
1616
6792
250
1625
8
5729
5299
8834
562
6534
1448
4026
8875
3843
5881
4531
8336
5664
4128
6357
8617
6254
845
7398
9645
859
1714
8268
9377
2865
4103
994
6009
4353
8971
6018
83
622
1204
6997
7157
2652
1023
6032
2848
6904
6915
7536
8921
7395
3893
3890
3650
1090
1289
3295
8302
3003
1563
7679
2220
2018
8673
8229
2724
3997
599
2807
4619
1803
6156
1776
808
7179
4160
3656
435
7428
1192
5708
4823
1437
9599
8473
8880
888
8120
7182
243
6035
4861
8815
8054
9887
3396
778
3884
3996
9937
8503
2151
6093
6632
2959
9624
7144
6615
59
4572
4159
5768
5748
1949
5367
573
829
2607
8694
8011
9202
4729
9224
8017
2783
9111
1413
9913
9347
1761
9850
4203
3913
5943
835
6872
5567
7979
9840
1979
8904
351
4099
4652
2300
9466
5225
3129
8425
271
7492
7627
5001
6717
1996
4136
2180
3409
402
7880
5171
252
2083
5436
6196
9270
2308
8115
3601
8500
94
2505
8852
4193
3509
7504
11
5087
6986
4788
1710
4478
8767
6711
7547
763
7200
6080
4173
7602
3960
5696
4206
2395
1132
6754
1665
9792
4870
1618
4645
1316
476
9849
1862
3985
7353
1873
5424
4339
3014
7135
5170
1781
198
2717
2545
3750
5149
3070
1352
5461
5118
1911
7856
2602
8665
5873
8746
3535
7492
3391
1204
7968
3240
3066
8305
594
1291
3730
1285
4305
7217
6455
6087
7415
5525
4984
1166
7026
4406
8870
2488
9524
781
6696
2126
9447
2570
872
9334
6414
616
538
734
3856
3604
9039
802
4896
9121
2088
5553
6338
4895
7992
3754
6772
9328
4920
3799
3734
3790
2639
3258
924
9335
1736
371
1905
8961
9705
4671
9577
244
5405
3433
200
4445
588
1448
3566
2676
7002
9905
3923
1346
11
696
675
1283
847
4409
1425
3486
7668
2349
2821
5756
2720
1079
4717
8778
5750
4294
5374
1156
4080
5574
1953
4668
3375
5519
3696
6729
1776
7619
8075
1787
4667
8750
3070
5514
9512
4496
5352
3532
3197
8174
9288
2270
5605
4006
1048
1355
4652
2774
8863
8732
4700
816
3400
8075
2688
7096
4804
4464
1068
2880
2604
5735
7982
2026
1250
7494
2874
6602
1026
6072
1128
6667
8342
6733
673
5742
4441
1677
8516
3304
410
3216
473
162
1292
3161
7259
2448
3977
8327
1680
6581
414
9663
4960
8016
3509
7834
971
888
258
2099
7555
4952
5185
4580
694
9626
6257
9210
9282
6667
2427
9755
3182
71
2916
441
2519
6894
5120
4200
9827
1886
215
1139
9903
3724
5326
874
4612
5584
9325
2167
537
862
3099
7583
6840
9357
6794
6123
2376
5573
2230
5558
1996
5147
2351
867
8393
3823
5067
4572
5710
1634
5712
5613
5359
1038
2839
6323
2974
2164
4843
9863
9379
7942
7447
6219
3651
593
2342
6028
6166
4573
1586
8162
6072
3938
9029
817
7761
449
1741
3471
8435
7453
5436
3794
4843
8275
6470
4170
6792
7665
4033
6171
1959
7832
2390
5611
8425
1085
1639
943
2010
3225
5457
4434
3515
839
5251
1277
1288
6992
1100
9723
798
6537
9870
1993
1164
2692
6163
7956
357
6549
479
8668
733
9222
4279
9159
6659
2270
6454
8669
5496
1912
3103
5363
2751
4706
6640
4039
1698
7741
114
8848
630
6336
842
1794
9028
3357
9751
5737
6258
6582
758
6992
5804
5037
2503
2463
7308
8957
7484
9156
869
587
4519
3620
1645
7512
4011
3344
5253
478
2192
2235
6814
9386
4029
2195
9096
132
4284
5354
6715
5042
8698
8871
6432
1201
7687
92
6511
1523
5600
3732
2111
6471
3705
108
3983
7716
3452
5588
4546
1997
7823
7713
7735
1853
9908
6831
1985
544
8538
5052
1939
7236
276
4723
4790
7963
4815
1301
9486
6767
1385
7949
3238
5090
8058
7222
9159
7862
2810
3705
6211
6986
1418
3947
8839
7678
7130
7176
4575
5668
8581
6514
2905
8857
1237
4047
3172
2404
1700
2658
9171
3085
6960
8761
8176
1370
5983
7335
5584
5146
1040
1796
8484
8811
2095
3675
6489
9225
851
1064
1246
5784
3930
503
4641
1519
4550
7813
275
6250
6824
5798
9335
136
4560
3863
1506
543
1198
7090
2041
8591
5238
525
7402
7333
4200
243
2911
1404
7660
4157
7188
1590
1012
8182
3110
5562
5995
9737
8164
9171
5536
3851
9307
96
7715
7165
6991
5265
608
5385
3856
5846
5910
7610
9532
6463
7854
2443
7867
5514
2952
1407
7104
3964
9589
6566
5878
1937
2656
4042
7460
8192
4245
3120
8288
1960
285
1631
7226
7245
7016
1082
3092
2927
5045
8976
5742
2899
1419
9961
8413
723
1368
1869
1039
7310
4788
3269
5599
7444
3663
9411
1988
7908
2531
276
9869
9169
1907
3447
6414
5276
881
9506
8203
5926
8482
297
8825
6253
258
3590
3328
7978
1812
719
5288
2952
3988
7239
6748
4003
6651
8736
1912
5534
5364
8133
4703
3623
1580
1118
8899
2461
6976
7102
8388
1811
7399
7213
4416
4009
7156
7745
1988
8968
4816
3628
8272
5157
868
5020
9160
3871
3756
7424
9405
9120
5557
461
9095
7137
1579
7995
5951
4907
1449
4339
6718
5201
7904
7487
9210
1412
1584
1198
380
6400
4827
5004
1557
2047
24
7070
5918
132
4494
1675
5604
52
2136
4700
3541
67
2695
9492
4975
4144
3831
8045
9345
8088
5532
8556
9500
7116
6106
6233
9869
933
1237
1426
2980
7614
4848
5250
7746
9343
6926
3351
5747
5414
8051
9288
5482
746
8781
6809
1242
8964
1206
588
3404
3091
5496
2905
6559
1602
5490
6428
8888
6727
4207
8220
4341
5407
3471
2088
4750
6749
1791
497
8515
9842
9786
349
6940
4919
3510
4534
235
4717
5122
3640
4160
6970
2897
7071
4925
8387
9852
3813
5114
411
8385
5808
5818
8208
4248
6921
1309
6039
7418
9825
2233
3556
174
5525
4827
37
59
5063
1106
1534
5055
5266
8504
7952
8689
9781
6339
8541
9946
1453
8952
8332
3613
1123
6540
7861
8044
7850
3900
5462
4027
2485
5371
553
8010
198
590
8070
1613
1696
5956
6668
3314
4460
4620
2004
594
959
545
540
8765
5850
8872
2378
6973
1765
6592
5017
5967
6844
6831
9994
9330
2202
547
3692
2401
7490
1762
4014
9186
4070
683
8853
8531
1655
857
9125
2615
1402
6017
7732
3604
4890
6462
577
6655
3054
5594
2622
9899
2426
8968
5581
980
5867
9273
3381
3357
7388
3748
8896
1458
783
7749
6341
8790
8606
1818
1405
6360
7836
5489
9965
2726
1952
6894
5733
1358
8841
4707
1257
1267
3675
6838
8599
9542
2464
8333
9252
9852
2081
8148
1310
9216
2249
7652
8006
7207
9470
5764
9919
7306
7605
9884
6384
9557
3131
2117
7268
1972
6824
8525
9591
6851
1716
8190
6394
4180
6523
1998
384
4956
6498
1694
524
8747
9346
8531
5954
5169
647
2225
8827
8252
8462
5212
4162
1593
3681
1430
3565
506
6307
3156
7357
4375
7698
103
4907
4222
8453
5291
9178
4951
6986
9703
3698
2684
4586
6004
4205
1585
8230
3033
6189
6692
8245
351
4637
8278
8133
8202
8784
4441
7710
2494
5168
5408
8949
76
5982
7403
5367
1513
8706
8705
1216
2405
7742
2154
4761
1947
91
9343
1332
6280
2387
5929
2984
7024
4208
1117
1578
9344
1910
9288
1838
7079
1049
7140
7155
7031
895
8874
8544
9601
7580
6112
8358
1674
4618
9472
3621
4709
8815
4954
990
7555
7235
326
4579
1443
1443
6158
788
9706
1798
8978
3137
2847
6118
6644
6231
3365
5518
1127
9319
9450
7240
7677
1124
8210
3501
1098
2920
2317
2404
262
6224
9639
588
7155
1083
8383
3313
1871
4441
1464
7201
7578
663
9672
4222
3246
3037
9741
4374
2356
5543
1614
6386
6668
9824
9887
7766
9096
8556
6522
5710
4780
6161
6298
1936
7244
1034
1601
5467
5475
9417
2669
3054
81
2341
7276
3327
1730
3369
4053
439
8913
5667
6825
1933
1844
3064
9699
7292
1621
6221
3003
2753
8734
9301
1041
2331
6687
2643
7798
2163
8412
6819
1569
8493
5512
5197
8173
3595
8567
2226
4034
3832
4246
7211
5765
2442
275
5464
9734
8248
8037
2737
1002
3123
8391
2043
5454
5078
1038
9605
3593
9451
6424
1514
4296
8289
6712
2469
1884
5279
1048
2270
9111
1646
9481
4876
4088
9756
6692
174
8005
1081
2912
5359
556
7655
7402
6011
9085
8441
5616
9031
7892
8392
545
2188
3033
7257
1010
1269
8888
8410
3539
4351
56
3020
5579
496
9129
8623
670
3486
9704
9934
8845
6613
3941
6247
2624
3027
1040
4592
8410
5284
9336
8955
3825
2370
6213
1187
9991
5101
9597
3531
9453
6005
2903
5032
2853
2032
8
9875
5518
9712
9810
715
2677
103
6963
5301
9482
4355
6245
7892
9640
5582
6848
9817
4304
9413
1004
4295
4514
601
7826
319
2958
730
1704
5811
9114
1712
5686
985
7776
1848
1700
454
8304
5015
2107
7786
9371
8353
5679
5363
287
8879
5180
4591
8292
2536
8886
9158
3137
3065
5830
2447
147
7534
8258
5613
5598
296
6598
9726
8497
4651
6532
6801
9666
8640
4587
5389
3345
6618
7104
3632
5497
2284
4575
141
4820
3461
9300
4309
2878
5130
3108
3025
9016
7718
4991
966
8015
1589
692
6512
6240
3577
9665
2259
8569
4252
7648
1914
7223
4753
1898
2720
3389
6473
2862
4562
6286
8514
5223
5517
3644
8332
4894
9012
6050
9885
9978
417
1475
7022
3281
4067
599
2946
2678
5520
7199
327
7434
4422
1432
5684
3494
1173
2157
2708
5735
4796
1222
7311
313
1218
5643
5207
230
8045
5093
6560
8463
2920
3583
1744
3339
534
4691
6018
6055
8242
2697
9841
9016
481
5526
8862
1654
4035
7923
3742
8831
9145
1053
5496
6716
3048
7056
3298
1093
8501
9859
5908
7773
3442
7653
1112
328
8696
3482
6383
3290
6179
6225
2306
6660
1751
7520
8315
2138
5443
8409
7322
941
9462
2818
7657
2510
9874
955
9955
4727
814
5864
2500
608
9869
3613
937
8565
3447
7320
1855
9627
9897
513
6287
8000
8033
954
139
3477
9363
7461
770
5177
6631
8427
4039
2858
5734
3995
7585
6549
9859
86
3509
9728
51
4446
4645
3498
8119
2852
9477
8016
3365
2117
2369
7750
9423
8860
7579
5139
6321
8349
316
9304
6776
4356
2162
2511
8351
6100
5412
4562
2538
8921
642
8941
9720
5287
8791
7839
8139
8269
2207
7856
6738
4576
5606
6161
3436
3186
1300
6109
1535
7969
5414
4664
2325
3928
3527
7028
28
5291
7942
8918
4212
8584
7859
3932
3871
6651
8123
8362
1272
331
6218
8010
1259
1824
4171
1048
1362
1824
3509
9250
9793
5275
3914
8470
9204
3793
5498
5584
9084
9792
4503
3296
8376
2362
3581
8599
5365
1704
3313
6637
8387
9531
4647
5999
7707
5171
7047
9070
6995
556
8320
3140
2184
8586
1610
1388
8731
3460
3324
7815
3252
4179
7463
7980
6542
7396
2931
8259
5453
6244
4897
3840
5775
5896
6191
9834
1067
3238
5256
4414
147
9928
3906
2331
8514
5516
71
3597
5328
9747
1412
4932
3927
5228
9264
6821
2624
2195
5080
8077
8439
9977
1918
566
2226
8109
401
9645
7700
5657
412
4199
1938
4318
2882
6804
6187
9305
402
1515
9052
1814
2800
2979
7042
2064
9800
9667
4260
4881
4096
9051
1210
6014
9618
3436
476
6371
9434
4528
2028
9846
8727
318
4164
7961
7123
351
7266
7525
8219
6318
5691
7371
9298
2734
9435
9098
8753
47
331
2849
9099
1542
5216
5069
1330
2044
1440
764
6572
9820
610
1651
139
1127
9612
7262
7830
6878
4787
6049
3196
478
9772
2494
9564
9208
7945
8317
5607
8276
7519
1058
6170
9087
6127
7501
1131
7567
4617
7703
7388
1580
9354
7527
2707
5318
4789
537
2196
9576
2939
5392
6406
9063
4239
5971
8271
2184
640
231
6812
4511
1289
2983
3598
7417
6836
4729
4984
1453
8784
2372
3033
4490
6251
2092
9808
1040
8982
2004
6968
8273
3749
3375
7336
7988
5698
1960
6524
6338
2191
3336
850
3480
2671
4448
7249
9507
5530
8586
961
4314
958
346
8805
3562
2439
8613
4602
7773
6970
7923
6046
719
1298
3382
8707
6996
5342
1583
9686
3885
1271
6888
3718
3943
1337
967
3450
3219
9553
763
7533
6864
1110
6338
426
9901
1304
1380
7674
8274
9303
3720
5345
6953
3454
404
301
5149
1987
9988
9034
3258
6876
9104
7201
4565
72
7004
7784
5977
7767
5318
9193
5229
8008
5971
5130
5664
3704
9156
290
3007
2876
5635
6313
2683
2391
6614
7832
4378
6602
3218
3989
9831
2323
7542
4396
8747
4546
8533
1076
8666
203
6622
3895
4563
2593
5378
228
2649
4534
6870
2009
3763
8858
8322
6446
1249
4936
630
1980
7891
200
5969
4074
2523
9863
4822
7622
4410
3355
8699
9428
3558
1673
9675
8122
618
5053
4702
3268
9588
1572
5277
9703
6782
9951
6149
8032
4887
3131
12
9130
3331
5981
3204
2207
5844
8027
9829
6606
7734
4880
2386
7645
6553
2062
2119
7172
3467
3173
6792
3055
1097
2069
2758
7880
8372
5259
5912
3259
4742
5924
8742
8074
8257
8298
281
453
2677
6462
3412
412
7695
2150
4409
4248
4212
6528
7772
4032
9701
4564
3439
798
2985
2550
8678
1357
7809
4590
969
2552
6866
6063
6978
1475
4361
3611
8281
7039
73
1693
7451
4120
195
1860
8369
760
4740
2493
4792
4441
3410
8231
1591
6395
781
270
4105
4943
1212
1426
3847
4431
7489
825
5906
1850
788
539
8889
7213
8584
2692
1334
8780
904
9703
9540
1996
8548
4332
6437
1958
8915
8029
4706
9697
4651
5163
4640
2215
6589
8487
6646
4078
5664
8905
2280
6452
9444
1170
3665
8029
214
4999
6809
7471
1054
2701
9467
9603
3385
2257
7913
2300
286
2619
1997
1289
4134
6637
3504
723
1476
151
1153
7140
5408
3434
9944
4852
956
3610
9233
1170
4961
2394
4993
6016
5095
4461
1971
8480
6718
6236
781
3356
8856
9130
4645
9342
2120
4501
66
3596
4652
1219
7089
60
1005
7033
1265
1961
6995
498
9484
1957
9245
4477
7973
4340
8938
6296
9173
2008
2532
9954
5364
7740
9084
6361
7083
7556
863
3501
1153
5515
1072
4594
1928
2078
1627
9545
4039
4975
6395
3523
6932
5640
8001
1257
9981
3291
7553
5506
5300
6437
5460
664
4178
896
7026
7613
4805
7889
1114
5958
9756
8538
552
8036
616
8531
7581
4656
3506
329
4531
6790
5969
2532
8047
2302
5824
1952
7808
1124
8390
9620
8140
8920
6869
5166
2885
1674
9407
351
3984
5516
8889
888
3552
9506
5771
7486
514
9278
7815
5045
2420
136
3930
468
2439
6106
8772
6599
3582
3514
2572
1722
8786
9441
3241
1671
7467
9000
8374
1451
4516
7264
2339
8069
3122
8110
1907
3636
3740
6074
5033
6161
6210
8963
2981
5001
5069
8105
1601
5003
1620
4173
6726
406
9966
6319
8430
7433
5319
6804
5236
6188
420
7575
609
3542
2037
2516
3530
2130
8590
8564
4643
1152
3879
3976
6154
5301
2081
7755
304
3701
8280
3382
4108
8246
6053
8890
2031
1373
5694
7267
3913
6115
1194
4522
6009
3231
7038
9540
1713
1980
4456
6356
3132
4687
332
9286
9988
8766
3393
6645
2467
1673
6379
2927
6271
2433
1817
8302
158
3864
5569
4071
6331
6763
8593
2340
6347
1983
8232
8060
3963
9040
769
3447
3728
7453
2734
68
6219
2479
6713
8687
4153
9445
7966
6776
1878
9784
5079
2036
0
7000
6107
6331
3764
4700
8671
111
6683
3256
4523
6998
2296
5292
445
2376
2746
9531
2445
5317
2011
5510
4004
2516
4955
1971
9292
3185
8107
723
5221
8107
7724
1328
4438
1488
2380
9461
7951
5415
9069
8826
2413
7718
4119
9211
94
3217
8742
8891
4886
753
754
8891
3269
2061
7214
8914
5247
1673
9637
468
9780
7361
8149
570
5201
6881
6383
9504